1 0  1.000000
2 1  1.000000
3 3  1.000000
4 6  1.000000
5 10  1.000000
6 15  1.000000
7 21  1.000000
8 28  1.000000
9 36  1.000000
10 45  2.000000
11 55  2.000000
12 66  1.000000
13 78  2.000000
14 91  2.000000
15 105  2.000000
16 120  2.000000
17 136  3.000000
18 153  3.000000
19 171  2.000000
20 190  3.000000
21 210  4.000000
22 231  3.000000
23 253  3.000000
24 276  3.000000
25 300  4.000000
26 325  4.000000
27 351  5.000000
28 378  5.000000
29 406  4.000000
30 435  5.000000
31 465  6.000000
32 496  6.000000
33 528  6.000000
34 561  6.000000
35 595  6.000000
36 630  7.000000
37 666  7.000000
38 703  8.000000
39 741  8.000000
40 780  9.000000
41 820  9.000000
42 861  9.000000
43 903  9.000000
44 946  9.000000
45 990  10.000000
46 1035  11.000000
47 1081  11.000000
48 1128  12.000000
49 1176  12.000000
50 1225  12.000000
51 1275  12.000000
52 1326  13.000000
53 1378  14.000000
54 1431  14.000000
55 1485  14.000000
56 1540  14.000000
57 1596  15.000000
58 1653  16.000000
59 1711  16.000000
60 1770  16.000000
61 1830  17.000000
62 1891  17.000000
63 1953  23.000000
64 2016  19.000000
65 2080  19.000000
66 2145  20.000000
67 2211  21.000000
68 2278  21.000000
69 2346  22.000000
70 2415  22.000000
71 2485  22.000000
72 2556  23.000000
73 2628  25.000000
74 2701  25.000000
75 2775  24.000000
76 2850  26.000000
77 2926  26.000000
78 3003  27.000000
79 3081  28.000000
80 3160  29.000000
81 3240  30.000000
82 3321  29.000000
83 3403  31.000000
84 3486  31.000000
85 3570  32.000000
86 3655  33.000000
87 3741  32.000000
88 3828  35.000000
89 3916  35.000000
90 4005  35.000000
91 4095  34.000000
92 4186  37.000000
93 4278  38.000000
94 4371  37.000000
95 4465  39.000000
96 4560  39.000000
97 4656  39.000000
98 4753  41.000000
99 4851  41.000000
100 4950  42.000000
