1 1  1.000000
2 3  1.000000
3 6  1.000000
4 10  1.000000
5 15  0.000000
6 21  0.000000
7 28  1.000000
8 36  1.000000
9 45  1.000000
10 55  1.000000
11 66  1.000000
12 78  2.000000
13 91  2.000000
14 105  2.000000
15 120  1.000000
16 136  2.000000
17 153  2.000000
18 171  2.000000
19 190  1.000000
20 210  2.000000
21 231  2.000000
22 253  2.000000
23 276  2.000000
24 300  1.000000
25 325  2.000000
26 351  2.000000
27 378  3.000000
28 406  3.000000
29 435  2.000000
30 465  3.000000
31 496  2.000000
32 528  3.000000
33 561  3.000000
34 595  3.000000
35 630  2.000000
36 666  3.000000
37 703  4.000000
38 741  4.000000
39 780  3.000000
40 820  3.000000
41 861  4.000000
42 903  4.000000
43 946  4.000000
44 990  4.000000
45 1035  5.000000
46 1081  4.000000
47 1128  5.000000
48 1176  5.000000
49 1225  5.000000
50 1275  5.000000
51 1326  5.000000
52 1378  5.000000
53 1431  5.000000
54 1485  5.000000
55 1540  6.000000
56 1596  6.000000
57 1653  6.000000
58 1711  6.000000
59 1770  7.000000
60 1830  6.000000
61 1891  7.000000
62 1953  8.000000
63 2016  7.000000
64 2080  8.000000
65 2145  8.000000
66 2211  8.000000
67 2278  8.000000
68 2346  8.000000
69 2415  9.000000
70 2485  9.000000
71 2556  9.000000
72 2628  9.000000
73 2701  9.000000
74 2775  10.000000
75 2850  9.000000
76 2926  11.000000
77 3003  10.000000
78 3081  11.000000
79 3160  12.000000
80 3240  11.000000
81 3321  11.000000
82 3403  12.000000
83 3486  12.000000
84 3570  12.000000
85 3655  13.000000
86 3741  13.000000
87 3828  13.000000
88 3916  13.000000
89 4005  14.000000
90 4095  14.000000
91 4186  14.000000
92 4278  14.000000
93 4371  15.000000
94 4465  14.000000
95 4560  15.000000
96 4656  15.000000
97 4753  16.000000
98 4851  16.000000
99 4950  17.000000
100 5050  17.000000
