1 1  3.000000
2 3  3.000000
3 6  2.000000
4 9  2.000000
5 14  2.000000
6 15  2.000000
7 24  1.000000
8 27  2.000000
9 29  2.000000
10 32  2.000000
11 42  3.000000
12 50  2.000000
13 53  3.000000
14 50  2.000000
15 72  3.000000
16 73  3.000000
17 85  3.000000
18 90  3.000000
19 98  2.000000
20 102  4.000000
21 105  6.000000
22 146  4.000000
23 125  3.000000
24 120  3.000000
25 134  3.000000
26 130  3.000000
27 139  6.000000
28 142  3.000000
29 143  4.000000
30 152  4.000000
31 167  4.000000
32 163  4.000000
33 179  4.000000
34 176  5.000000
35 179  4.000000
36 188  5.000000
37 192  5.000000
38 192  6.000000
39 239  5.000000
40 250  5.000000
41 227  5.000000
42 299  5.000000
43 269  6.000000
44 227  6.000000
45 307  6.000000
46 256  5.000000
47 282  5.000000
48 295  6.000000
49 291  6.000000
50 398  7.000000
51 336  6.000000
52 336  7.000000
53 345  7.000000
54 398  7.000000
55 349  7.000000
56 392  8.000000
57 384  7.000000
58 389  8.000000
59 395  7.000000
60 409  8.000000
61 377  7.000000
62 387  8.000000
63 423  8.000000
64 392  8.000000
65 440  8.000000
66 506  8.000000
67 440  9.000000
68 402  8.000000
69 488  9.000000
70 516  9.000000
71 513  9.000000
72 446  9.000000
73 547  9.000000
74 504  9.000000
75 553  10.000000
76 446  9.000000
77 642  10.000000
78 548  10.000000
79 588  9.000000
80 530  10.000000
81 626  10.000000
82 579  10.000000
83 571  10.000000
84 505  10.000000
85 687  11.000000
86 591  11.000000
87 645  10.000000
88 559  10.000000
89 671  11.000000
90 581  11.000000
91 677  11.000000
92 632  11.000000
93 650  11.000000
94 682  11.000000
95 739  12.000000
96 678  12.000000
97 700  12.000000
98 773  12.000000
99 758  13.000000
100 749  13.000000
