1 0  1.000000
2 1  1.000000
3 3  1.000000
4 5  1.000000
5 6  0.000000
6 10  0.000000
7 10  1.000000
8 12  1.000000
9 12  1.000000
10 15  1.000000
11 23  1.000000
12 34  2.000000
13 44  2.000000
14 51  2.000000
15 64  1.000000
16 70  2.000000
17 73  2.000000
18 89  2.000000
19 90  1.000000
20 91  2.000000
21 91  2.000000
22 92  2.000000
23 99  2.000000
24 122  1.000000
25 145  2.000000
26 154  2.000000
27 176  3.000000
28 185  3.000000
29 197  2.000000
30 207  3.000000
31 209  2.000000
32 229  3.000000
33 259  3.000000
34 270  3.000000
35 294  2.000000
36 307  3.000000
37 326  4.000000
38 337  4.000000
39 346  3.000000
40 374  3.000000
41 404  4.000000
42 443  4.000000
43 485  4.000000
44 504  4.000000
45 547  5.000000
46 580  4.000000
47 600  5.000000
48 606  5.000000
49 607  5.000000
50 608  5.000000
51 623  5.000000
52 628  5.000000
53 634  5.000000
54 638  5.000000
55 666  6.000000
56 694  6.000000
57 748  6.000000
58 762  6.000000
59 808  7.000000
60 822  6.000000
61 862  7.000000
62 881  8.000000
63 902  7.000000
64 964  8.000000
65 971  8.000000
66 1036  8.000000
67 1084  8.000000
68 1129  8.000000
69 1182  9.000000
70 1182  9.000000
71 1232  9.000000
72 1266  9.000000
73 1297  9.000000
74 1348  10.000000
75 1370  9.000000
76 1431  11.000000
77 1498  10.000000
78 1511  11.000000
79 1588  12.000000
80 1623  11.000000
81 1640  11.000000
82 1702  12.000000
83 1742  12.000000
84 1810  12.000000
85 1834  13.000000
86 1871  13.000000
87 1889  13.000000
88 1904  13.000000
89 1965  14.000000
90 2012  14.000000
91 2100  14.000000
92 2119  14.000000
93 2192  15.000000
94 2213  14.000000
95 2225  15.000000
96 2262  15.000000
97 2330  16.000000
98 2417  16.000000
99 2513  17.000000
100 2561  17.000000
